74021317
140103717
97594364
141124470
98955608
138015060
46240929
141219127
72459686
140435464
52789367
137593620
60845421
140212494
3608625
136879343
26114399
139590186
94173462
133643198
1007137
136880774
73787185
139536720
71345381
141473045
106863963
141245849
3304875
139703524
614854
138909932
10142496
141341073
49459956
140614640
57762732
138840244
117254517
141110181
32155084
138343578
54748899
138932687
96327064
141673584
10005245
141110121
121228815
139455010
92096344
140821760
110085026
131400670
22881852
137003765
137181758
141663078
68585576
140861475
63924415
141388705
77774625
127554483
115867734
141378848
72542474
48109604
137179156
140139962
85361944
141219057
115789484
140435493
42230121
136048608
115092584
140615198
103640412
91536192
8293201
139592787
117238177
141218244
141757455
141473877
53532186
136826714
67932281
139912673
76737958
141124172
120453921
138868480
81323246
32247306
67831679
140429175
35191892
139754993
85396163
141247341
38567500
140545586
8885999
139283529
133599625
139933299
73125816
136045829
1694077
138105709
113540576
138744310
102629318
136700718
13419678
126734897
3828605
125603688
110448020
133766349
76388962
137862079
573720
89294104
54266567
136093899
103379147
138660144
27582931
138903845
3608623
138814318
5852521
140405670
52664522
138393402
56454897
140843894
54003813
138352433
52329861
140436293
